NDIM=2.0
N_BLADES=50.0
N_SECTIONS=2.0
CASCADE_TYPE=LINEAR
x_leading=0.14279800334524295
y_leading=-0.006092121185942118
z_leading=0.9682962538593143, 0.986142486990413
x_trailing=0.1945544084463131
z_trailing=0.9703549019769234, 0.9660000880000035
x_hub=
z_hub=
x_shroud=
z_shroud=
PARAMETRIZATION_TYPE=CAMBER_THICKNESS
stagger=-51.850298526503956
theta_in=-0.9793686837181921
theta_out=-68.62289174404444
radius_in=0.014006249979143461
radius_out=0.003737101980015832
dist_in=0.5891345951383985
dist_out=0.847336793390144
thickness_upper_1=0.17780520282712495
thickness_upper_2=0.21013170460349906
thickness_upper_3=0.10981919964568716
thickness_upper_4=0.06829639961927789
thickness_upper_5=0.01719086371071042
thickness_upper_6=0.00010000000000006896
thickness_lower_1=0.11854370709819556
thickness_lower_2=0.09573213781753559
thickness_lower_3=0.06086060111648723
thickness_lower_4=0.015188438040396404
thickness_lower_5=0.0001
thickness_lower_6=0.00010001490116154947
PLOT_FORMAT=MATPLOTLIB
OPERATION_TYPE=GEOMETRY
PRESCRIBED_BLADE_FILENAME=MoveSurface.txt
Config_Path=/home/yixin/Data/Code/python/parablade/testcases/MatchBlades/Aachen_2D/./Aachen_2D.cfg
