NDIM=2.0
N_BLADES=50.0
N_SECTIONS=2.0
CASCADE_TYPE=LINEAR
x_leading=0.14271761460086868
y_leading=-0.005865881872012202
z_leading=1.0368809631340121, 1.0261303040683878
x_trailing=0.19439156031734528
z_trailing=1.0343029949581346, 1.0064361093005818
x_hub=
z_hub=
x_shroud=
z_shroud=
PARAMETRIZATION_TYPE=CAMBER_THICKNESS
stagger=-51.99331076013864
theta_in=-0.8601075209304425
theta_out=-68.8247179263027
radius_in=0.011234330110077299
radius_out=0.0037242944242648957
dist_in=0.6003681363737084
dist_out=0.846705384078216
thickness_upper_1=0.17144667697811888
thickness_upper_2=0.20625737017994553
thickness_upper_3=0.10518736554007196
thickness_upper_4=0.06496011891212744
thickness_upper_5=0.01749975183054606
thickness_upper_6=0.00010000000000001597
thickness_lower_1=0.13110059151552675
thickness_lower_2=0.09759335055978681
thickness_lower_3=0.06713633543156233
thickness_lower_4=0.017206908820969827
thickness_lower_5=0.0001
thickness_lower_6=0.0001
PLOT_FORMAT=MATPLOTLIB
OPERATION_TYPE=GEOMETRY
PRESCRIBED_BLADE_FILENAME=MoveSurface.txt
Config_Path=/home/yixin/Data/Code/python/parablade/testcases/MatchBlades/Aachen_2D/./Aachen_2D.cfg
